7112684792339092653941545324337639709627 7741498153203518024374117908092347517024 1
32755258351550784441131824236021979837607 13500756656201978162114987816304477663238 2
30745782061676695530261815090338026760652 31273446686745673141715588088017979563009 3
7646482713718082431913426632977679564714 11216587300673185959714832084489449128236 4
773786455438093521532834083058137281809 32225287507363623689991327125174862616670 5
19030807027033793002164180401724495665695 17557225055573187784863325395578119041146 6
9119636647192539848118234883800781663202 15847977585064120882462092362733644739388 7
15380391923741675381493998038838666141278 11580925597461142982024385597022184076930 8
10365392164732051517949231779282361019090 8840029549802856763115403448885504716758 9
15505917770807941018569537061767073071350 29462403000717830875562514375594328577334 10
6942390617848442547549698183954670212967 32644659788820107980827103042458143566501 11
12919317275158089201264519928641146255624 13076149352721524906470674333101821880437 12
12611931678942469579875970108967546477773 28479311635502563366900299269842003554079 13
7825528601557888130717126527971507883833 5189529651302691111761257312143267826950 14
1227126214431386950898234672372052638869 28150673355683593476278228980959829293645 15
19584222773743769717004972280185678970828 16407563017763831165117548733340460033808 16
27968406075102389155661832449922613454252 28129859831838758618050037253766394102278 17
11682217001403121582159064769500938966952 11098148706947172447618203473796181051365 18
18794889341772867598085522060355756692460 26593726489220501697776067176813237798884 19
1332933040673730896018718870331143263167 23276500582449517813279468476948726218808 20
4992588702882329536085342083927840354583 8738765106904892963891463159414744359594 21
17902815392843691651790812497344893855444 32432193353061180751927367255043984651930 22
26149262876950030023355478856601241896265 23615894462881656914778919781626217521292 23
861171627586798625710370583479570221287 16684101756052252935702242130588366268995 24
20525538389150584159110455827234529385026 2373187712891489640791383789456552817950 25
18505463935611882029608778057173342914839 2316329666569813738245419035441043686150 26
8774710296327094543155714314757865177306 32319028206044900998763333255269148048421 27
14526252242633870991151841239474122118666 11583077080851803390277728411567988340305 28
28692553318829456001032582784959666005915 28086843402796625782151651605929161110740 29
15499704534111918098355865366905678105344 7123938768010244390658393312845688430835 30
7521935591171345849388660350814348982606 32601207141116181108420888391585447458028 31
695707279556747883582929685667771302758 11450252079728800592064342543477918643695 32
30277537884898674465087026207064101273806 4729436584493587658333132194717622023863 33
16645371163389093598690462786741197661019 31691266338693243335157738916078244625676 34
24748919951522406575357312247571302300166 12893036220278594038661377106339856577292 35
15209738397774934931041894587265492127823 32590844868741813831717287699201667360350 36
15248987403131949016259017939103925723740 848919001433410208728475076258711492122 37
206516070779379179474444918639654498528 28972747831564544345556612724419570530039 38
15301672425189545406190284561797723412550 23254500052358312676805351310850336690228 39
15720199741249438118893475642601409976532 8767797574728653658075978223955812478673 40
29001078034236111544875026088779203462035 11049144840201424877385436915193257373377 41
13394284311620337576046277937836819915261 28006871402786179084060418476352962717528 42
27580933108438129625899351763781822072780 23036156228225350784171454045957524886680 43
17142045827173414707999514941497559604157 13361098955913305654513687800520852440955 44
22188259419202873540420715581197956028295 11490096609318095705149951776573208329290 45
1017845676159241596326749550549945862169 1339106134165808911026775506957935819717 46
27064720430215062850485036121557492990152 9280700430363228573035140985901110990062 47
34166409752807948689144708289347986449 15974674707201711824665530682723932963744 48
32085175255794076600168904204096378899315 17556715160272492605497949479113021735788 49
30303060350756051469975666179145017277014 21911577707773587962174565510501164307871 50
28175338687541489263028941650543054969625 2957206632762172559531894392949450095743 51
3693918248681624666825033030422561688992 13665526969532140490077050707693657691751 52
18617492096708006884582783854703046698115 30206093824736148779677270631469364700759 53
3386924918209588860975628896593561498021 8394911195656238111210337836337814880786 54
25791728758829388983491200129720089923433 28391954902741607234098717868672315491690 55
1118621908269532575008143646488795100317 25251553849257289919276851271799763660700 56
4355615541683069443631791380400641324993 4413849698727265361288690569189518367934 57
4885879251878555518725406347202759549639 1898098702070593939749606829667086269172 58
16982405792816155696543726644212944629596 11300362295902278938345327176498928206420 59
6075676803937848426752730809014572260035 11790380987999230809699499128339419410609 60
32654515113397592419450968116341072228223 20808812836106279539272409575140882745269 61
21146528560751322298653906879019798148 1750342759219123696943620227381346853345 62
28376432034200793897552926100453716800214 1885986137296426392921090339385416943949 63
3286952810781986477690298185511752505332 22268806875216754472426793449849337365925 64
25490786059162184825599108710789121299822 14522686057198087290465701481754648492350 65
8870141905908574354832379327005714552986 5791399921526109837322404780926761423405 66
929500887691679991500780972923472885582 8766490414405307848946037582670479933821 67
20179388254975245263297983036261800433741 2712485847944016374446520757641483030305 68
13028532764618235447077434170528100096095 28689422709071809516874422508346840458553 69
20238696242162750766999647670753411175644 11998907673376254992954085738060347528533 70
8169108414403873914336384575096765034993 18602585865689473133528543856026615669401 71
12370496034055799429256747374121189176580 26515921859661697491410885570013072205664 72
18993964434715197117021016898374138395488 8207138245811230683217813807694788057719 73
10240024134331094514509371450751605759172 19474979865693939853487461469985811457422 74
13289280652341405634466064050559593716643 20740269300567514081621974211687900775428 75
22065627222491461498577249592602848902337 8214460751405847523574396153171928264116 76
12718885938908166663009496755323906854107 28242815696790718921344455238887710946243 77
8990205613591134833627664212177423656367 21918205815953581659722597113088889442514 78
7418012477658193775659730748574348314328 18261693262759950895464829125613149445284 79
8900733855122177603632475120282018350489 23970293431786676697344366717365894998536 80
4458207157537957564624059852202971265620 27605508279184444042986232538450682655854 81
10522318116815359408455402969860126542240 24470191554589725410994506010243892571487 82
24786774740992284041908294166262679106616 10314708583300150508553997091150635237381 83
15626548560700228507711635987013102958276 1604097903131743482894937259791789937088 84
31610099923136911341463829903495795751636 3392603880621674533268515652638672489796 85
7605136706997349503100090235549465227867 31049166575712652161750336892513938892696 86
4230398979947603167082198794042346692409 30837136326005275244590753871181331602296 87
31103767367179207248450378996805523319966 32623840800873120419727221404676081266807 88
12003143612212398395400670812302598199782 17151076334710229575780748645047882794438 89
2065491045640934955086384434113967871710 22083179709838405268663736955460772129939 90
27914681666642242845363561327739840455933 10101113285959827092126478768155537551742 91
417836662467129976810969850644510685625 19206314153434069008254307298155404633849 92
1157427064231680691380937915989048526126 15341425127171250449972055789222007355449 93
2492397085213989280829862584256908193392 8659645064884332439120752840965555236929 94
28763936446227968697185514027795400505529 2856573643329336350800076920368561394701 95
18923532509716393562614665613707744875383 12372157393166405690270916798723921744480 96
32343693799200014318667936826267880585092 32473163167662960925310567887099100639519 97
1708670781370546096780873380093238740995 8397363426339687539366554041619147490582 98
22372478335627832028996840908514619612122 13793274047879829855327215536028104314021 99
4071079508468029407020418044432627346064 16062601299004812332685684476479053421933 100
15580507535220703797371184163541259953283 6645725124154411793575531886930338210623 101
26403529372643398458391442405367827711178 13926614680505954808622797505561697588836 102
10298579908537214012472276295124999653594 2108517551650004338348546699269985336776 103
10186242640748104558128233081449535125528 13258705736542300315816480129530181600591 104
28787972326163189689452097193155958376221 8030531712348799777529853226887763159352 105
4615699511116542931102313376029459480448 29124160486966087587294680373581063844499 106
22259603718817113142793602895576571137521 11442449773427138754500559583291955947956 107
15114757327177401376973259315881854661638 17416346764139984655856818007947242831027 108
3577299485583234020887182871156773261860 10137094160614007461949234794831313885411 109
14804751514246091190323017312187935269350 23384670973315594957275659855059111919694 110
6644218876896449566339488657217967446727 5346781950515391364379147432237665440504 111
12697679206063094326980115414158750884806 12265199790943744548320803565990048888442 112
11242072288659680375845108592676366472804 3026897289473490003062790863322676275546 113
3711315849115707593533130246236076283013 24399729556086693725047375190894841832125 114
16317824581833851678881103288947268521935 16961859540621050698597326222089980238458 115
10533511837510027817308352571529290279003 20055929104380071954353797284851159543968 116
2192209143253515081306876980001119507347 13109041311246226251549625993506081768256 117
2857935311542368307540319629138709720990 22432917491666938169403990584230895607911 118
14872321453847630080799116385147349834270 16670145607076854936751517233788175076025 119
965524053695046688873515552440174238433 15422922147905704645082468053693024152392 120
17418299772900347650252825557914624674196 4417338075560841464485068905728583752039 121
6233717998134235396530966625634409214815 25853093900634435472611636386968112086921 122
10717813298719754201505394136318923573974 1402795456049656233362472451004962910125 123
23240973153513453253916489784188490235391 15611011266402758265624616269647810158984 124
31756636650622223639427556570170378458286 24645816773614868181816866138732196492209 125
2837512214161759065242874437257803771271 9944423274850752156935887363942266207094 126
9001904778783510839632211970837337421160 19939462258601392684815583503083965419947 127
21273333131567107102936979109497217455576 10088245326449669799367626351061660053678 128
28063664416499095086868238942351336322783 19417277540877361871336322660226487020689 129
29402679170491694138517019627896377108245 5396816227221228633171430855939576192179 130
8897596776703942725050062596539080459836 14230893393138517767247127537472378031030 131
259179812988462797221270898306946497146 29925777911644433878034937830666535991125 132
23116276522476893810868432541615068101951 4242875567068391508581643026167073495641 133
21410158111752711359709162219056776429629 30989081083843018947183526543585791659793 134
9292856739622093241719543550570129629476 25685414210530296961214098646090082797529 135
1122867966857643515320511272737972557581 13420707573357666712309741731168396923393 136
26660921137843848120221442086389841829382 22930380644054838503565350803203516215425 137
1885133536272246091093514869673297911487 31099931958120644816535374715354288273836 138
23393086606547164769710940234847653143782 21347025734584765344795546253534805899158 139
16102910810002037086473828054960540498948 23274936810296080845172801937459015792067 140
11483095601634453997802994761220240966449 20626444840982404933299993850350431412383 141
14144898694568779115251546374320784392182 20517917095556923878258848519410973189171 142
2213295674626918899943072304700677356207 29460041547989897634281957204852519508343 143
2531842397377334737921367583832975342012 4922559024196000324422402650361928602984 144
13320524052197882240970876375657845450426 17438666754448462629305596805491446159831 145
7633483290049011581410601732283189635632 15079981724905416614732579987945709735984 146
1750915624076278246467400147285670879919 25089436954593873917662760546577777929868 147
19210386335850613842696249854967924264791 4232271898204792604941570398414631107596 148
26392001248155408509388797893962179499700 21030221785838010904660239898474287013603 149
16166495417694163150146263277556987909928 21045885843742958110285418018262904882461 150
1338903987656676796682579809472000245200 6934021288643753689848233227462637321891 151
9184319737610174818386712225860949625122 28121817005275425019117486188859751211858 152
12795171279787871145573494942400773586758 19812228606524039767904443403468525298518 153
14493728581289349884481728735136341968356 8685334267510080735965380208357294777743 154
15046360135031909934313826222179187040218 20344830283788425603985787079405844825553 155
10595861112253827490789646874540684873669 7464668772479702144664153262731284018076 156
22897292122337241738723765528644900400123 11605331250884138087840777392405816478473 157
20236486794568058304808425296365131244825 25420756285694020204926891001257003424518 158
24046307465655560979396302617971499929074 8509842901290776761573421022603720629664 159
11472350478118844575134290501802984288028 19559225700096404921647709897736305121809 160
24938796840842262794174007671955071322580 29661027523518032995621327308895977088141 161
1289617470178535661275754219384210566406 27087105969352707401879052380631497393243 162
18757302035948153431134670186406311668944 11102218321971709123472179899730550561415 163
19377137219807835226528558551356228078866 27540555849726793372011943295839017938388 164
769429153893243214940117046990076606398 20770832556100560292331803375047054454720 165
23884419621774538214474055697801507455530 13878638379942841074712011495385219803188 166
4036853204365616021919439602478423682285 25217862136052261967029731615231646057537 167
13079272495610820366555778838771145680789 13324652157529738399296341244947264184133 168
6504334691247643504630626112538528682200 26817599087020355867495419360695252683381 169
1795178624706303379035579387602248188374 1817698723339058235605021208220017144670 170
9086221179358734766753075677420581716304 18247595618182041965850081562406844999439 171
16525326034455457967524696180955210245273 3268671180369654325437093012421231817351 172
8889107525649814576473252603305319293352 13011904730953906367918636252242109047983 173
20649358733998778138627477296450273203520 21999757633258133991594601389424082277417 174
15642074093903727233634454265695663292867 17633085787953360408880159862965189430106 175
23663302788730458889588512455627533347445 24106407173137226438090564210845118060578 176
30780145430966586065895858835848161437963 18123296625890432661935856662656925805845 177
21147381501141106467047580714850705174243 7834781481597436883651319624345292587411 178
16656992482223105748038303309843274997077 32984618494051007307211087253554720385725 179
159503235431427450047172673581421669549 19775534812042675950929918444056820304252 180
22862486089817710707611859852170269903489 19348124528785423982758834235663411451963 181
25752991840549730695381372628658150876327 22802430800328488697101796441281446744469 182
24997512549125945939345411298964071712904 12756414935592564339045103614096006768705 183
4490432028196048688425669462728107791177 5123607516179415434575143652693675275675 184
17026642281397430615295355242780495704217 13390786039413409921094983792238052678717 185
30514366304302181160696565447425138436852 26179528819950537974025563181530293151058 186
13058813640229545191606221279494460829243 27791393223078574734055257574102746874147 187
12817759799879241835560992032480764644052 4311730221503484053060527930922567960904 188
22620315513866836168325817533542493489024 1860819691759554608636665609304546719313 189
22891356416737872361714048929435612067967 8948638341170377388393135874503830155398 190
21576981642019405462849246741168640113429 20706466173886484361401817250179611147339 191
27101511249941501714157108662023705668440 2192176562897635514874466681221224341932 192
31856621770998504355653919115472256725008 24093842081092880448770913021737845499064 193
11334400909402037976474578336756044953807 20631120090105390238153373696024016510217 194
29319829204325724384336379264954456467720 5644144583695645191358566059297184205639 195
16947370826696395440662313554709019431047 4579493175698350734771315812028591279271 196
29575676450178327843982138280631927915453 2672568890713191714762568704047911427914 197
21589490577539891832913790906171812880390 1162364499663905624710620183208871317147 198
13032327851881307502820111096679082168229 23948163019307766176820127630020010302802 199
20408638019089652985466378747037853440566 6165644792611564813108442747066755837789 200
14977598457349795069237874063162617298255 25377788102227080055445053906312742947051 201
18368341448510456725311531727195614392323 32217137785782949502087530808349472834529 202
18698984235098563514363365952559944337517 9402020552163207165210507911775531767395 203
23874178094619087222290800952500698890141 7213240072789199758001535767381837487516 204
30191488703985271104106785778191113243036 32692370317292110270139651895941975933456 205
749099626906191170121500962511355711542 5700149852156118400824387882845225644345 206
30124793642972997181300920888972141861825 17696228209329945073899947433684836632996 207
16618823102434281996113755287552523842540 19391780880490255374611042910153767974314 208
5123347722520836408849702174874316896962 31738133285293036388188053587692666014759 209
17675332972321839257008639998196934550417 617200870969948892025308118771196251393 210
24962022626950747854536788303768525475541 10849816232153047926186046635764853645094 211
23404973019270570233527404291536501789866 25339699504104405254018682823718398016344 212
1801072120052689804859453024694256101424 20090229865376338679209961347075961507114 213
4417928022207099698002313884309390186083 18852351379005146468505603414513339755037 214
20798222213745793046295484008692185281052 29933858021547936915358780974096676117163 215
13718940201585235443858868548170196731457 9806218543776423385747539578989169803415 216
13292432611081836156597770629846189314305 17111292488453839116517526523207878764617 217
3854997584487850098435091706229794599928 20899839999871160029126786417987777444005 218
15347042662506552630945182575223884412619 30402451357393656659886853197391621434247 219
26887934356426315151493422983181717625857 25564075414171430529793755064125712027553 220
26155500523929900576099175123219040059694 16930086677149783650851362216641772903630 221
15477080479257406749242711384168207125582 23239353004761815178257575692382594772235 222
5389234341222997789973609043203302675979 18064987388749857719438149666641770263135 223
12720469004901513284044725128318441024938 27359860257852924763976845158605938664762 224
4028014486232799281432635529271762240245 22707949732850245143889509872992614130907 225
8643176112344229723571243810769767642392 28514585758950153994530126177384304636626 226
17210727349890297467667592193068469352689 22354126601129848562011093212702708039849 227
7591534101287012718647389319851843883306 26768351572887149826546895315850122895511 228
15628258644241860959631896462692005788579 11552085256262119360186451381153993141681 229
3202091756139359537681362301026586106016 53760383821952857092078471781212588817 230
31993848076902288083519525924985745347886 27033214785694949545296551676587867693415 231
13136910872868910682644419237570052872247 6036528942759159321676285271895908684032 232
2998401136390059448096890986663551115607 24284852847366559794323868504408829255642 233
26655398802330458537522529494660656376963 4467503625031630338011988862490030526317 234
26796761509865280486470666237300622266858 11926112139722853300333080082956725008973 235
812220572235139436498003236250650291412 8270393212151731342001040285127574848378 236
31048929157199370349667496709924456023112 19177388703846156788291919609542783762833 237
12833986760416056311569423472798701788981 16688224407680630496081868864971879603121 238
4628154806779177445407338998492392738475 1053238579276223485469149864087795255458 239
17418580998607120556212763644533382763354 18278495978274609154151139033982336357047 240
32946659967936129042713555039962759657227 16286288065564905474019830541262321079751 241
27621855475105259579010045931941392084953 21314664206894617900116348729726893295361 242
30517410391823558755193399719873966172038 29993431866336446465675154417266216294519 243
17834755903523508004596840878695067645678 31835346930122238424345755854437301833429 244
32048962591973828501641585981425031243180 22499567902750596635101284312954926801010 245
5452614356394625395423900769846985963265 15474029705765123912280682304622511460237 246
13067543295222486739486902869334367443542 13411126776945362783758469091742512859765 247
9508874254754247471165233852603496507048 8053092076378133927089792319236683385998 248
23315571626050834691427880213086168349827 26022438623361392675322858399526225371551 249
31384544824493111574654018294715721931255 10960772541982046168377755209068548950994 250
18477363121990710367812737557010773971495 27141220617608592985275708511792856431703 251
32716271400311794705023357239957355282627 12766265356889970206057931442249017252839 252
3396959373260825647575464622016946395341 25237508052961285022997931762723602330011 253
26506218831637452886526568459663663937859 21865830522066263740471678364327201605168 254
27452514762404750768768820402432837909813 13376739607036877483779698383047855180202 255
25645068116676574920181655264360788842859 32710387055201588719207870023742653713927 256
4058811965744147599259504736433379342945 29861379875342083480001061916235824425588 257
29511940026290050807348119143528954429517 2810242479399253943120870419961018795594 258
20780980187664959193101957355963373152870 28658964212828113043712453951158323412441 259
26893663643868016692445722192056005406775 9301713467089644508873842147365813590885 260
6350607396038902932894211188274274292632 27430335852593120189907254003259954658145 261
16323097760940528681315786976074458575059 30790822391287683157874138944103165951142 262
15311182892204471950980434578468480508250 28988560504716160754865656898304574648038 263
7563352488344563643290179629702632973687 30275898099687081494699954235738569688897 264
32311635949816042712610257562958359941690 11864773967427150774702095449750445792911 265
29591043848085507084369808094160240308014 19434385393598158434572057672245543721119 266
8110800995884838715121901721732148868939 17101142559031925006829932046611724218737 267
26751403827885333140287947895678235042672 5266175969270150102961678836014252908640 268
31357771104029814770066432054269225361336 31282533013563088455121249312939326710284 269
25761293312594959575420476734798853670998 30846380035805668436924913135025598791657 270
25156486302698258076199246627853151509304 2220663650756578111619561799943370535601 271
9231065931955956741464411846600226030452 32177545634103620366371948750868338340804 272
2661184932695053346141048893296132117768 14235035104369327498795033696795087003502 273
30050998980445358246561719951656321550524 4201676862406980625956633779041534617031 274
18209690563064289598134562513822527981970 3249275863643558551602856721635650994860 275
25233010703024650560448801841329228133197 31425784719732463204658025590464410082733 276
23778558805913341918120974957986594258085 7804249113137998128773947621312613118306 277
14941972665563896358478111718939045450035 16641369454782247961193294746341453991705 278
30234441390263720394539862972609094296533 17686974796195048864436004173347856412957 279
6518739503970455270596855862051834754916 30735575488379285322434203612597083972571 280
1828150962954041750661724877365410271035 891380171864701218377884467666797715767 281
663226732252559958288528506397649223191 5479891749255168241288250470363139498520 282
25373083766148306881166063345868733446573 18210030639569945066062575775229189140494 283
11536714384135730577756091786088920651208 16205700631686592065808497506823837476172 284
16976169595572148996528031428108563382325 11383465066901521520617725510214170403966 285
29165621387270845086428509631143364444539 29295641738035568796434641422548480091488 286
29196111910325842701012371304551178909660 5036977529087436084123911580280059388678 287
12799649867420298962712924687815579650406 15310586343605823928204483186557228391788 288
19554539000135497513364088629366778787003 22121875459736776788105754003030848902740 289
21131615496223337014438198750481013014714 31455209546282281847951032250515420609066 290
6174181498469053564790146679118394066215 3656411078928343534288265544173205384021 291
27089085345439501350234916605691152497482 300293387077894244868909863148206586754 292
6426757321317480569751777130058060665578 4014517390481729098439895614613064166403 293
31298440750499205394961941831108616687721 32064312752933155270315833552736761257661 294
28919440786165405729831860348788658345623 23190682429243165842929973652213223962879 295
13411988301701622820754450399967916007499 17679484662606859491193872673704281974308 296
24792985725692243599583295285473018775337 21033617386584346226898452777832021706571 297
20380761950467742103311030855766435137178 30419198535133375760460503807343139729160 298
32411923711878810306279698488001661539845 18240876314624564303527703564520150929727 299
902176673337010321482853247577760044323 14724946202598520931624207240336209973539 300
14574895222270990563359128231274768679476 29256202979070369218380215163365840090088 301
25341675215651328381524462081058937572857 26189271222585580320592107955976452650287 302
19309561989475478103313188067152743736766 5160114330880153677068331597928212334934 303
15572088432328118967701003847157430626205 15540087025617059831724297090490798425672 304
27886686464170232189157472121584103784724 10391494177473557109097123949102416765810 305
27171212730254759804910543603781281629555 14238581120216498507679740462985527166967 306
18190446078518617520634982088643822267466 16248966916246881076328344577217602184414 307
10357073060008245049675342447157101012785 19628667352762953851093464128278420365844 308
21886968470922465242351237994403937784247 11481262546095035452710787729758681462369 309
30694381621124631617041502037983101176836 9712867308069178774085431437126048123320 310
1995600891732273246650197769730945848850 7954238153875114833911087456852449204331 311
4639554620950994959396947267330415786795 637479347913115639356193411810454001542 312
31742233669765825444140137779320412264245 31270680896469100347277236183502463504894 313
29922333668133836848715189984442836024170 8306693417154702742396987922926424824571 314
12218144896321244831775288343150231755916 5980968475288903130520090561315963307350 315
11009074180872629516395300738233057396675 26497107151618543457102081355229869840742 316
31197126631132360217581112346185041745814 10520638244541334154567444229288739676390 317
1640979429112460011622514646267370906855 6842526204214740294146901633185094774578 318
23173779174682073634420117925731301257000 21572209197389015746058800729018422102474 319
31510309287533875521803435247232842823250 24146941546967557968935852466498002524892 320
11738117504617209162696075733921642253905 15986834258822115601095869504683324833594 321
20526414327425163638658781486817930038738 31925578978211703567214943404953610795712 322
21807083451842892539598269089047870319494 14805117923773709834818608378050046098953 323
7649996411483984107255882867666690006668 30820452443519095967089388104579120841415 324
17539056819516423226337928142928409171765 14795424179930979568955232238901428440876 325
31507647705417037032009284812123358161710 20162158435938287134814817153505483923138 326
21149833627135610191289976710986984928264 8456540709558486314445546791198319743497 327
15406466797188165450982233265772671174403 15937310158650540690245826828426348027187 328
25034577055741944656641757983485311084513 30205781477297895557832778827564219008928 329
32070214644100079128974332101088777194932 29499710939183803349447989075420570423792 330
1166608735251971175264191210025876899253 21165289664180870283233368870866509881849 331
22256264312536181756283299259556176699881 6208512627861354785162816077170873578236 332
6372891950815797471710897570836944007101 4966512789314680502400403542856756612523 333
7265435317741631639090537771320885867114 14683463241143331579804058082007112750675 334
5111882424459648442055810651000650863371 9146455549394568668168317519371718592757 335
20490846618642902166954518972941489192752 10020071085263961901151333958269733357612 336
16373812976517849806095384624176087827853 9654215439675372972440291649233939073869 337
31478984757722933650350394458966082817697 25965114724683777610595596516512511749428 338
32804164046542913843075840165461534849426 4723931811837468604845395533634612498076 339
22698217325114860087875697130667037834943 22482430994753822571057240354356165883734 340
32657863509050989003354819114024538182198 12480940235231909542206086582948927893105 341
16565235701441967070507721822532274817041 19434447558677266361108638218916536040200 342
397292022349965128312802023184641481538 17898996531295005476090350756475219584583 343
9967541995221920759025315942966400919230 32312041170027489260798274295123617804143 344
30037503850838065583641248568796692746135 14527198830033784641545772853518573594867 345
8320365805714787680149572565556802996067 29356774817850481601764001386447498550359 346
23550147269810208425215380302572493164450 32455757738652759742930200551919316907489 347
28549300921375839430282682576310566629253 19191087523458874813492207691318621224780 348
23121405491370419370240973405080485165865 17756613761277021760502875526772877015880 349
20276838625988526447967818993915879034250 5720997725136349136757253924081751318410 350
27001732396043653982916533024434614747595 32717397765504275147449702267543429695213 351
23452481826064855372613608807749424039070 23715408401308331924360680896554294192110 352
4397195936457254123679337667775777189544 24729570066232698120826555036496645276224 353
9035526583717507085630300577475345532559 6467347869850787005243529228297902682747 354
5017354156264382754679967955356011806349 32178539803526607824228621232148711132254 355
3454934340213523634776653063591787968249 26614459447092486264596168597789204974242 356
24987676454359950964790940454379685128418 21330485857650349144818003818631210258855 357
8376072342145851895799509660753721659960 12852559967367497223810048010404079994195 358
30949948318885233339428590171825362852212 25548473310573259741749647841140662397491 359
28693410856000407508659272364668479381669 20722697695991903489416570322824008398025 360
6318705735580054333643021414371630521953 8593793559707704756453510050213007548781 361
16669343682201898416361217722961332827490 21487350091973722378858381578022858538866 362
25110051768168949968053333679227273806714 13183950154366016928224144447639171147628 363
8661250481284982676413604647638349519324 19182262478211073745145080676051644191290 364
4548999978491408263374633300371590111755 21678944605954635366400839117268267163064 365
27624825589020395689677173955569339285762 18304592816723228717928866999740338077986 366
27520821966895650287736353304949872942738 4066147337267103308853057004464904141904 367
13534738439863747154177886506451552746817 27700619018651559005291949872853476808624 368
18038036871003073024251508322094869984506 32195790109650360508878372742497527751095 369
14882897459291524145070572500447343666110 446731723130078672508542272110975377698 370
22020747348687754863556691995466690504123 24450750019235883613383563188924954507930 371
31604020635974946567199018429479445443073 8354425450245883130178997961934591274276 372
3868881448397931231435899824471083714492 8603292246203873797484722833068484413434 373
8039423664599490609900942908282499248021 3182858603351528063241155874606325788523 374
21120392602408658085310429291046924659273 26156708119602609781200015333718847130735 375
12487191263153736405775638960390026237535 22964194250727683805849595991358400230559 376
27582895088889391133866542361300062558954 32050653367098117668436145969284651846119 377
12604189118015669396593395495894198730723 19670436428430238234786145198141761930906 378
8635665219071505528209439970499568868198 7106237706632853617557728188038581584393 379
9034351181695227001886771279284637446366 4325657675407316247186472375269924983964 380
9034351181695227001886771279284637446366 28667371043384360551875807940196655770467 381
8635665219071505528209439970499568868198 25886791012158823181504552127427999170038 382
12604189118015669396593395495894198730723 13322592290361438564276135117324818823525 383
27582895088889391133866542361300062558954 942375351693559130626134346181928908312 384
12487191263153736405775638960390026237535 10028834468063992993212684324108180523872 385
21120392602408658085310429291046924659273 6836320599189067017862264981747733623696 386
8039423664599490609900942908282499248021 29810170115440148735821124440860254965908 387
3868881448397931231435899824471083714492 24389736472587803001577557482398096340997 388
31604020635974946567199018429479445443073 24638603268545793668883282353531989480155 389
22020747348687754863556691995466690504123 8542278699555793185678717126541626246501 390
14882897459291524145070572500447343666110 32546296995661598126553738043355605376733 391
18038036871003073024251508322094869984506 797238609141316290183907572969053003336 392
13534738439863747154177886506451552746817 5292409700140117793770330442613103945807 393
27520821966895650287736353304949872942738 28926881381524573490209223311001676612527 394
27624825589020395689677173955569339285762 14688435902068448081133413315726242676445 395
4548999978491408263374633300371590111755 11314084112837041432661441198198313591367 396
8661250481284982676413604647638349519324 13810766240580603053917199639414936563141 397
25110051768168949968053333679227273806714 19809078564425659870838135867827409606803 398
16669343682201898416361217722961332827490 11505678626817954420203898737443722215565 399
6318705735580054333643021414371630521953 24399235159083972042608770265253573205650 400
28693410856000407508659272364668479381669 12270331022799773309645709992642572356406 401
30949948318885233339428590171825362852212 7444555408218417057312632474325918356940 402
8376072342145851895799509660753721659960 20140468751424179575252232305062500760236 403
24987676454359950964790940454379685128418 11662542861141327654244276496835370495576 404
3454934340213523634776653063591787968249 6378569271699190534466111717677375780189 405
5017354156264382754679967955356011806349 814488915265068974833659083317869622177 406
9035526583717507085630300577475345532559 26525680848940889793818751087168678071684 407
4397195936457254123679337667775777189544 8263458652558978678235725278969935478207 408
23452481826064855372613608807749424039070 9277620317483344874701599418912286562321 409
27001732396043653982916533024434614747595 275630953287401651612578047923151059218 410
20276838625988526447967818993915879034250 27272030993655327662305026391384829436021 411
23121405491370419370240973405080485165865 15236414957514655038559404788693703738551 412
28549300921375839430282682576310566629253 13801941195332801985570072624147959529651 413
23550147269810208425215380302572493164450 537270980138917056132079763547263846942 414
8320365805714787680149572565556802996067 3636253900941195197298278929019082204072 415
30037503850838065583641248568796692746135 18465829888757892157516507461948007159564 416
9967541995221920759025315942966400919230 680987548764187538264006020342962950288 417
397292022349965128312802023184641481538 15094032187496671322971929558991361169848 418
16565235701441967070507721822532274817041 13558581160114410437953642096550044714231 419
32657863509050989003354819114024538182198 20512088483559767256856193732517652861326 420
22698217325114860087875697130667037834943 10510597724037854228005039961110414870697 421
32804164046542913843075840165461534849426 28269096906954208194216884781831968256355 422
31478984757722933650350394458966082817697 7027913994107899188466683798954069005003 423
16373812976517849806095384624176087827853 23338813279116303826621988666232641680562 424
20490846618642902166954518972941489192752 22972957633527714897910946357196847396819 425
5111882424459648442055810651000650863371 23846573169397108130893962796094862161674 426
7265435317741631639090537771320885867114 18309565477648345219258222233459468003756 427
6372891950815797471710897570836944007101 28026515929476996296661876772609824141908 428
22256264312536181756283299259556176699881 26784516090930322013899464238295707176195 429
1166608735251971175264191210025876899253 11827739054610806515828911444600070872582 430
32070214644100079128974332101088777194932 3493317779607873449614291240046010330639 431
25034577055741944656641757983485311084513 2787247241493781241229501487902361745503 432
15406466797188165450982233265772671174403 17055718560141136108816453487040232727244 433
21149833627135610191289976710986984928264 24536488009233190484616733524268261010934 434
31507647705417037032009284812123358161710 12830870282853389664247463161961096831293 435
17539056819516423226337928142928409171765 18197604538860697230107048076565152313555 436
7649996411483984107255882867666690006668 2172576275272580831972892210887459913016 437
21807083451842892539598269089047870319494 18187910795017966964243671937416534655478 438
20526414327425163638658781486817930038738 1067449740579973231847336910512969958719 439
11738117504617209162696075733921642253905 17006194459969561197966410810783255920837 440
31510309287533875521803435247232842823250 8846087171824118830126427848968578229539 441
23173779174682073634420117925731301257000 11420819521402661053003479586448158651957 442
1640979429112460011622514646267370906855 26150502514576936504915378682281485979853 443
31197126631132360217581112346185041745814 22472390474250342644494836086177841078041 444
11009074180872629516395300738233057396675 6495921567173133341960198960236710913689 445
12218144896321244831775288343150231755916 27012060243502773668542189754150617447081 446
29922333668133836848715189984442836024170 24686335301636974056665292392540155929860 447
31742233669765825444140137779320412264245 1722347822322576451785044131964117249537 448
4639554620950994959396947267330415786795 32355549370878561159706086903656126752889 449
1995600891732273246650197769730945848850 25038790564916561965151192858614131550100 450
30694381621124631617041502037983101176836 23280161410722498024976848878340532631111 451
21886968470922465242351237994403937784247 21511766172696641346351492585707899292062 452
10357073060008245049675342447157101012785 13364361366028722947968816187188160388587 453
18190446078518617520634982088643822267466 16744061802544795722733935738248978570017 454
27171212730254759804910543603781281629555 18754447598575178291382539852481053587464 455
27886686464170232189157472121584103784724 22601534541318119689965156366364163988621 456
15572088432328118967701003847157430626205 17452941693174616967337983224975782328759 457
19309561989475478103313188067152743736766 27832914387911523121993948717538368419497 458
25341675215651328381524462081058937572857 6803757496206096478470172359490128104144 459
14574895222270990563359128231274768679476 3736825739721307580682065152100740664343 460
902176673337010321482853247577760044323 18268082516193155867438073075130370780892 461
32411923711878810306279698488001661539845 14752152404167112495534576750946429824704 462
20380761950467742103311030855766435137178 2573830183658301038601776508123441025271 463
24792985725692243599583295285473018775337 11959411332207330572163827537634559047860 464
13411988301701622820754450399967916007499 15313544056184817307868407641762298780123 465
28919440786165405729831860348788658345623 9802346289548510956132306663253356791552 466
31298440750499205394961941831108616687721 928715965858521528746446762729819496770 467
6426757321317480569751777130058060665578 28978511328309947700622384700853516588028 468
27089085345439501350234916605691152497482 32692735331713782554193370452318374167677 469
6174181498469053564790146679118394066215 29336617639863333264774014771293375370410 470
21131615496223337014438198750481013014714 1537819172509394951111248064951160145365 471
19554539000135497513364088629366778787003 10871153259054900010956526312435731851691 472
12799649867420298962712924687815579650406 17682442375185852870857797128909352362643 473
29196111910325842701012371304551178909660 27956051189704240714938368735186521365753 474
29165621387270845086428509631143364444539 3697386980756108002627638892918100662943 475
16976169595572148996528031428108563382325 21609563651890155278444554805252410350465 476
11536714384135730577756091786088920651208 16787328087105084733253782808642743278259 477
25373083766148306881166063345868733446573 14782998079221731732999704540237391613937 478
663226732252559958288528506397649223191 27513136969536508557774029845103441255911 479
1828150962954041750661724877365410271035 32101648546926975580684395847799783038664 480
6518739503970455270596855862051834754916 2257453230412391476628076702869496781860 481
30234441390263720394539862972609094296533 15306053922596627934626276142118724341474 482
14941972665563896358478111718939045450035 16351659264009428837868985569125126762726 483
23778558805913341918120974957986594258085 25188779605653678670288332694153967636125 484
25233010703024650560448801841329228133197 1567243999059213594404254725002170671698 485
18209690563064289598134562513822527981970 29743752855148118247459423593830929759571 486
30050998980445358246561719951656321550524 28791351856384696173105646536425046137400 487
2661184932695053346141048893296132117768 18757993614422349300267246618671493750929 488
9231065931955956741464411846600226030452 815483084688056432690331564598242413627 489
25156486302698258076199246627853151509304 30772365068035098687442718515523210218830 490
25761293312594959575420476734798853670998 2146648682986008362137367180440981962774 491
31357771104029814770066432054269225361336 1710495705228588343941031002527254044147 492
26751403827885333140287947895678235042672 27726852749521526696100601479452327845791 493
8110800995884838715121901721732148868939 15891886159759751792232348268854856535694 494
29591043848085507084369808094160240308014 13558643325193518364490222643221037033312 495
32311635949816042712610257562958359941690 21128254751364526024360184865716134961520 496
7563352488344563643290179629702632973687 2717130619104595304362326079728011065534 497
15311182892204471950980434578468480508250 4004468214075516044196623417162006106393 498
16323097760940528681315786976074458575059 2202206327503993641188141371363414803289 499
6350607396038902932894211188274274292632 5562692866198556609155026312206626096286 500
26893663643868016692445722192056005406775 23691315251702032290188438168100767163546 501
20780980187664959193101957355963373152870 4334064505963563755349826364308257341990 502
29511940026290050807348119143528954429517 30182786239392422855941409895505561958837 503
4058811965744147599259504736433379342945 3131648843449593319061218399230756328843 504
25645068116676574920181655264360788842859 282641663590088079854410291723927040504 505
27452514762404750768768820402432837909813 19616289111754799315282581932418725574229 506
26506218831637452886526568459663663937859 11127198196725413058590601951139379149263 507
3396959373260825647575464622016946395341 7755520665830391776064348552742978424420 508
32716271400311794705023357239957355282627 20226763361901706593004348873217563501592 509
18477363121990710367812737557010773971495 5851808101183083813786571803673724322728 510
31384544824493111574654018294715721931255 22032256176809630630684525106398031803437 511
23315571626050834691427880213086168349827 6970590095430284123739421915940355382880 512
9508874254754247471165233852603496507048 24939936642413542871972487996229897368433 513
13067543295222486739486902869334367443542 19581901941846314015303811223724067894666 514
5452614356394625395423900769846985963265 17518999013026552886781598010844069294194 515
32048962591973828501641585981425031243180 10493460816041080163960996002511653953421 516
17834755903523508004596840878695067645678 1157681788669438374716524461029278921002 517
30517410391823558755193399719873966172038 2999596852455230333387125898200364459912 518
27621855475105259579010045931941392084953 11678364511897058898945931585739687459070 519
32946659967936129042713555039962759657227 16706740653226771325042449774204259674680 520
17418580998607120556212763644533382763354 14714532740517067644911141281484244397384 521
4628154806779177445407338998492392738475 31939790139515453313593130451378785498973 522
12833986760416056311569423472798701788981 16304804311111046302980411450494701151310 523
31048929157199370349667496709924456023112 13815640014945520010770360705923796991598 524
812220572235139436498003236250650291412 24722635506639945457061240030339005906053 525
26796761509865280486470666237300622266858 21066916579068823498729200232509855745458 526
26655398802330458537522529494660656376963 28525525093760046461050291452976550228114 527
2998401136390059448096890986663551115607 8708175871425117004738411811057751498789 528
13136910872868910682644419237570052872247 26956499776032517477385995043570672070399 529
31993848076902288083519525924985745347886 5959813933096727253765728638878713061016 530
3202091756139359537681362301026586106016 32939268334969723941970201843685368165614 531
15628258644241860959631896462692005788579 21440943462529557438875828934312587612750 532
7591534101287012718647389319851843883306 6224677145904526972515384999616457858920 533
17210727349890297467667592193068469352689 10638902117661828237051187102763872714582 534
8643176112344229723571243810769767642392 4478442959841522804532154138082276117805 535
4028014486232799281432635529271762240245 10285078985941431655172770442473966623524 536
12720469004901513284044725128318441024938 5633168460938752035085435156860642089669 537
5389234341222997789973609043203302675979 14928041330041819079624130648824810491296 538
15477080479257406749242711384168207125582 9753675714029861620804704623083985982196 539
26155500523929900576099175123219040059694 16062942041641893148210918098824807850801 540
26887934356426315151493422983181717625857 7428953304620246269268525251340868726878 541
15347042662506552630945182575223884412619 2590577361398020139175427118074959320184 542
3854997584487850098435091706229794599928 12093188718920516769935493897478803310426 543
13292432611081836156597770629846189314305 15881736230337837682544753792258701989814 544
13718940201585235443858868548170196731457 23186810175015253413314740736477410951016 545
20798222213745793046295484008692185281052 3059170697243739883703499341369904637268 546
4417928022207099698002313884309390186083 14140677339786530330556676900953240999394 547
1801072120052689804859453024694256101424 12902798853415338119852318968390619247317 548
23404973019270570233527404291536501789866 7653329214687271545043597491748182738087 549
24962022626950747854536788303768525475541 22143212486638628872876233679701727109337 550
17675332972321839257008639998196934550417 32375827847821727907036972196695384503038 551
5123347722520836408849702174874316896962 1254895433498640410874226727773914739672 552
16618823102434281996113755287552523842540 13601247838301421424451237405312812780117 553
30124793642972997181300920888972141861825 15296800509461731725162332881781744121435 554
749099626906191170121500962511355711542 27292878866635558398237892432621355110086 555
30191488703985271104106785778191113243036 300658401499566528922628419524604820975 556
23874178094619087222290800952500698890141 25779788646002477041060744548084743266915 557
18698984235098563514363365952559944337517 23591008166628469633851772403691048987036 558
18368341448510456725311531727195614392323 775890933008727296974749507117107919902 559
14977598457349795069237874063162617298255 7615240616564596743617226409153837807380 560
20408638019089652985466378747037853440566 26827383926180111985953837568399824916642 561
13032327851881307502820111096679082168229 9044865699483910622242152685446570451629 562
21589490577539891832913790906171812880390 31830664219127771174351660132257709437284 563
29575676450178327843982138280631927915453 30320459828078485084299711611418669326517 564
16947370826696395440662313554709019431047 28413535543093326064290964503437989475160 565
29319829204325724384336379264954456467720 27348884135096031607703714256169396548792 566
11334400909402037976474578336756044953807 12361908628686286560908906619442564244214 567
31856621770998504355653919115472256725008 8899186637698796350291367293728735255367 568
27101511249941501714157108662023705668440 30800852155894041284187813634245356412499 569
21576981642019405462849246741168640113429 12286562544905192437660463065286969607092 570
22891356416737872361714048929435612067967 24044390377621299410669144440962750599033 571
22620315513866836168325817533542493489024 31132209027032122190425614706162034035118 572
12817759799879241835560992032480764644052 28681298497288192746001752384544012793527 573
13058813640229545191606221279494460829243 5201635495713102065007022741363833880284 574
30514366304302181160696565447425138436852 6813499898841138825036717133936287603373 575
17026642281397430615295355242780495704217 19602242679378266877967296523228528075714 576
4490432028196048688425669462728107791177 27869421202612261364487136662772905478756 577
24997512549125945939345411298964071712904 20236613783199112460017176701370573985726 578
25752991840549730695381372628658150876327 10190597918463188101960483874185134009962 579
22862486089817710707611859852170269903489 13644904190006252816303446079803169302468 580
159503235431427450047172673581421669549 13217493906749000848132361871409760450179 581
16656992482223105748038303309843274997077 8410224740669491851193061911860368706 582
21147381501141106467047580714850705174243 25158247237194239915410960691121288167020 583
30780145430966586065895858835848161437963 14869732092901244137126423652809654948586 584
23663302788730458889588512455627533347445 8886621545654450360971716104621462693853 585
15642074093903727233634454265695663292867 15359942930838316390182120452501391324325 586
20649358733998778138627477296450273203520 10993271085533542807467678926042498477014 587
8889107525649814576473252603305319293352 19981123987837770431143644063224471706448 588
16525326034455457967524696180955210245273 29724357538422022473625187303045348937080 589
9086221179358734766753075677420581716304 14745433100609634833212198753059735754992 590
1795178624706303379035579387602248188374 31175329995452618563457259107246563609761 591
6504334691247643504630626112538528682200 6175429631771320931566860954771328071050 592
13079272495610820366555778838771145680789 19668376561261938399765939070519316570298 593
4036853204365616021919439602478423682285 7775166582739414832032548700234934696894 594
23884419621774538214474055697801507455530 19114390338848835724350268820081360951243 595
769429153893243214940117046990076606398 12222196162691116506730476940419526299711 596
19377137219807835226528558551356228078866 5452472869064883427050337019627562816043 597
18757302035948153431134670186406311668944 21890810396819967675590100415736030193016 598
1289617470178535661275754219384210566406 5905922749438969397183227934835083361188 599
24938796840842262794174007671955071322580 3332001195273643803440953006570603666290 600
11472350478118844575134290501802984288028 13433803018695271877414570417730275632622 601
24046307465655560979396302617971499929074 24483185817500900037488859292862860124767 602
20236486794568058304808425296365131244825 7572272433097656594135389314209577329913 603
22897292122337241738723765528644900400123 21387697467907538711221502923060764275958 604
10595861112253827490789646874540684873669 25528359946311974654398127052735296736355 605
15046360135031909934313826222179187040218 12648198435003251195076493236060735928878 606
14493728581289349884481728735136341968356 24307694451281596063096900107109285976688 607
12795171279787871145573494942400773586758 13180800112267637031157836911998055455913 608
9184319737610174818386712225860949625122 4871211713516251779944794126606829542573 609
1338903987656676796682579809472000245200 26059007430147923109214047088003943432540 610
16166495417694163150146263277556987909928 11947142875048718688776862297203675871970 611
26392001248155408509388797893962179499700 11962806932953665894402040416992293740828 612
19210386335850613842696249854967924264791 28760756820586884194120709917051949646835 613
1750915624076278246467400147285670879919 7903591764197802881399519768888802824563 614
7633483290049011581410601732283189635632 17913046993886260184329700327520871018447 615
13320524052197882240970876375657845450426 15554361964343214169756683509975134594600 616
2531842397377334737921367583832975342012 28070469694595676474639877665104652151447 617
2213295674626918899943072304700677356207 3532987170801779164780323110614061246088 618
14144898694568779115251546374320784392182 12475111623234752920803431796055607565260 619
11483095601634453997802994761220240966449 12366583877809271865762286465116149342048 620
16102910810002037086473828054960540498948 9718091908495595953889478378007564962364 621
23393086606547164769710940234847653143782 11646002984206911454266734061931774855273 622
1885133536272246091093514869673297911487 1893096760671031982526905600112292480595 623
26660921137843848120221442086389841829382 10062648074736838295496929512263064539006 624
1122867966857643515320511272737972557581 19572321145434010086752538584298183831038 625
9292856739622093241719543550570129629476 7307614508261379837848181669376497956902 626
21410158111752711359709162219056776429629 2003947634948657851878753771880789094638 627
23116276522476893810868432541615068101951 28750153151723285290480637289299507258790 628
259179812988462797221270898306946497146 3067250807147242921027342484800044763306 629
8897596776703942725050062596539080459836 18762135325653159031815152777994202723401 630
29402679170491694138517019627896377108245 27596212491570448165890849459527004562252 631
28063664416499095086868238942351336322783 13575751177914314927725957655240093733742 632
21273333131567107102936979109497217455576 22904783392342006999694653964404920700753 633
9001904778783510839632211970837337421160 13053566460190284114246696812382615334484 634
2837512214161759065242874437257803771271 23048605443940924642126392951524314547337 635
31756636650622223639427556570170378458286 8347211945176808617245414176734384262222 636
23240973153513453253916489784188490235391 17382017452388918533437664045818770595447 637
10717813298719754201505394136318923573974 31590233262742020565699807864461617844306 638
6233717998134235396530966625634409214815 7139934818157241326450643928498468667510 639
17418299772900347650252825557914624674196 28575690643230835334577211409737997002392 640
965524053695046688873515552440174238433 17570106570885972153979812261773556602039 641
14872321453847630080799116385147349834270 16322883111714821862310763081678405678406 642
2857935311542368307540319629138709720990 10560111227124738629658289731235685146520 643
2192209143253515081306876980001119507347 19883987407545450547512654321960498986175 644
10533511837510027817308352571529290279003 12937099614411604844708483030615421210463 645
16317824581833851678881103288947268521935 16031169178170626100464954093376600515973 646
3711315849115707593533130246236076283013 8593299162704983074014905124571738922306 647
11242072288659680375845108592676366472804 29966131429318186795999489452143904478885 648
12697679206063094326980115414158750884806 20727828927847932250741476749476531865989 649
6644218876896449566339488657217967446727 27646246768276285434683132883228915313927 650
14804751514246091190323017312187935269350 9608357745476081841786620460407468834737 651
3577299485583234020887182871156773261860 22855934558177669337113045520635266869020 652
15114757327177401376973259315881854661638 15576681954651692143205462307519337923404 653
22259603718817113142793602895576571137521 21550578945364538044561720732174624806475 654
4615699511116542931102313376029459480448 3868868231825589211767599941885516909932 655
28787972326163189689452097193155958376221 24962497006442877021532427088578817595079 656
10186242640748104558128233081449535125528 19734322982249376483245800185936399153840 657
10298579908537214012472276295124999653594 30884511167141672460713733616196595417655 658
26403529372643398458391442405367827711178 19066414038285721990439482809904883165595 659
15580507535220703797371184163541259953283 26347303594637265005486748428536242543808 660
4071079508468029407020418044432627346064 16930427419786864466376595838987527332498 661
22372478335627832028996840908514619612122 19199754670911846943735064779438476440410 662
1708670781370546096780873380093238740995 24595665292451989259695726273847433263849 663
32343693799200014318667936826267880585092 519865551128715873751712428367480114912 664
18923532509716393562614665613707744875383 20620871325625271108791363516742659009951 665
28763936446227968697185514027795400505529 30136455075462340448262203395098019359730 666
2492397085213989280829862584256908193392 24333383653907344359941527474501025517502 667
1157427064231680691380937915989048526126 17651603591620426349090224526244573398982 668
417836662467129976810969850644510685625 13786714565357607790807973017311176120582 669
27914681666642242845363561327739840455933 22891915432831849706935801547311043202689 670
2065491045640934955086384434113967871710 10909849008953271530398543360005808624492 671
12003143612212398395400670812302598199782 15841952384081447223281531670418697959993 672
31103767367179207248450378996805523319966 369187917918556379335058910790499487624 673
4230398979947603167082198794042346692409 2155892392786401554471526444285249152135 674
7605136706997349503100090235549465227867 1943862143079024637311943422952641861735 675
31610099923136911341463829903495795751636 29600424838170002265793764662827908264635 676
15626548560700228507711635987013102958276 31388930815659933316167343055674790817343 677
24786774740992284041908294166262679106616 22678320135491526290508283224315945517050 678
10522318116815359408455402969860126542240 8522837164201951388067774305222688182944 679
4458207157537957564624059852202971265620 5387520439607232756076047777015898098577 680
8900733855122177603632475120282018350489 9022735287005000101717913598100685755895 681
7418012477658193775659730748574348314328 14731335456031725903597451189853431309147 682
8990205613591134833627664212177423656367 11074822902838095139339683202377691311917 683
12718885938908166663009496755323906854107 4750213022000957877717825076578869808188 684
22065627222491461498577249592602848902337 24778567967385829275487884162294652490315 685
13289280652341405634466064050559593716643 12252759418224162717440306103778679979003 686
10240024134331094514509371450751605759172 13518048853097736945574818845480769297009 687
18993964434715197117021016898374138395488 24785890472980446115844466507771792696712 688
12370496034055799429256747374121189176580 6477106859129979307651394745453508548767 689
8169108414403873914336384575096765034993 14390442853102203665533736459439965085030 690
20238696242162750766999647670753411175644 20994121045415421806108194577406233225898 691
13028532764618235447077434170528100096095 4303606009719867282187857807119740295878 692
20179388254975245263297983036261800433741 30280542870847660424615759557825097724126 693
929500887691679991500780972923472885582 24226538304386368950116242732796100820610 694
8870141905908574354832379327005714552986 27201628797265566961739875534539819331026 695
25490786059162184825599108710789121299822 18470342661593589508596578833711932262081 696
3286952810781986477690298185511752505332 10724221843574922326635486865617243388506 697
28376432034200793897552926100453716800214 31107042581495250406141189976081163810482 698
21146528560751322298653906879019798148 31242685959572553102118660088085233901086 699
32654515113397592419450968116341072228223 12184215882685397259789870740325698009162 700
6075676803937848426752730809014572260035 21202647730792445989362781187127161343822 701
16982405792816155696543726644212944629596 21692666422889397860716953138967652548011 702
4885879251878555518725406347202759549639 31094930016721082859312673485799494485259 703
4355615541683069443631791380400641324993 28579179020064411437773589746277062386497 704
1118621908269532575008143646488795100317 7741474869534386879785429043666817093731 705
25791728758829388983491200129720089923433 4601073816050069564963562446794265262741 706
3386924918209588860975628896593561498021 24598117523135438687851942479128765873645 707
18617492096708006884582783854703046698115 2786934894055528019385009683997216053672 708
3693918248681624666825033030422561688992 19327501749259536308985229607772923062680 709
28175338687541489263028941650543054969625 30035822086029504239530385922517130658688 710
30303060350756051469975666179145017277014 11081451011018088836887714804965416446560 711
32085175255794076600168904204096378899315 15436313558519184193564330836353559018643 712
34166409752807948689144708289347986449 17018354011589964974396749632742647790687 713
27064720430215062850485036121557492990152 23712328288428448226027139329565469764369 714
1017845676159241596326749550549945862169 31653922584625867888035504808508644934714 715
22188259419202873540420715581197956028295 21502932109473581093912328538893372425141 716
17142045827173414707999514941497559604157 19631929762878371144548592514945728313476 717
27580933108438129625899351763781822072780 9956872490566326014890826269509055867751 718
13394284311620337576046277937836819915261 4986157316005497715001861839113618036903 719
29001078034236111544875026088779203462035 21943883878590251921676843400273323381054 720
15720199741249438118893475642601409976532 24225231144063023140986302091510768275758 721
15301672425189545406190284561797723412550 9738528666433364122256929004616244064203 722
206516070779379179474444918639654498528 4020280887227132453505667591047010224392 723
15248987403131949016259017939103925723740 32144109717358266590333805239207869262309 724
15209738397774934931041894587265492127823 402183850049862967344992616264913394081 725
24748919951522406575357312247571302300166 20099992498513082760400903209126724177139 726
16645371163389093598690462786741197661019 1301762380098433463904541399388336128755 727
30277537884898674465087026207064101273806 28263592134298089140729148120748958730568 728
695707279556747883582929685667771302758 21542776639062876206997937771988662110736 729
7521935591171345849388660350814348982606 391821577675495690641391923881133296403 730
15499704534111918098355865366905678105344 25869089950781432408403887002620892323596 731
28692553318829456001032582784959666005915 4906185315995051016910628709537419643691 732
14526252242633870991151841239474122118666 21409951637939873408784551903898592414126 733
8774710296327094543155714314757865177306 674000512746775800298947060197432706010 734
18505463935611882029608778057173342914839 30676699052221863060816861280025537068281 735
20525538389150584159110455827234529385026 30619841005900187158270896526010027936481 736
861171627586798625710370583479570221287 16308926962739423863360038184878214485436 737
26149262876950030023355478856601241896265 9377134255910019884283360533840363233139 738
17902815392843691651790812497344893855444 560835365730496047134913060422596102501 739
4992588702882329536085342083927840354583 24254263611886783835170817156051836394837 740
1332933040673730896018718870331143263167 9716528136342158985782811838517854535623 741
18794889341772867598085522060355756692460 6399302229571175101286213138653342955547 742
11682217001403121582159064769500938966952 21894880011844504351444076841670399703066 743
27968406075102389155661832449922613454252 4863168886952918181012243061700186652153 744
19584222773743769717004972280185678970828 16585465701027845633944731582126120720623 745
1227126214431386950898234672372052638869 4842355363108083322784051334506751460786 746
7825528601557888130717126527971507883833 27803499067488985687301023003323312927481 747
12611931678942469579875970108967546477773 4513717083289113432161981045624577200352 748
12919317275158089201264519928641146255624 19916879366070151892591605982364758873994 749
6942390617848442547549698183954670212967 348368929971568818235177273008437187930 750
15505917770807941018569537061767073071350 3530625718073845923499765939872252177097 751
10365392164732051517949231779282361019090 24152999168988820035946876866581076037673 752
15380391923741675381493998038838666141278 21412103121330533817037894718444396677501 753
9119636647192539848118234883800781663202 17145051133727555916600187952732936015043 754
19030807027033793002164180401724495665695 15435803663218489014198954919888461713285 755
773786455438093521532834083058137281809 767741211428053109070953190291718137761 756
7646482713718082431913426632977679564714 21776441418118490839347448230977131626195 757
30745782061676695530261815090338026760652 1719582032046003657346692227448601191422 758
32755258351550784441131824236021979837607 19492272062589698636947292499162103091193 759
7112684792339092653941545324337639709627 25251530565588158774688162407374233237407 760
